1000 999 80
15 311
944 847
822 76
7 468
105 200
976 308
664 43
982 907
746 350
875 438
918 668
240 893
88 874
759 251
229 542
225 747
134 782
797 30
332 273
277 616
611 688
100 306
248 673
42 365
954 356
365 498
42 683
418 570
70 453
629 917
79 851
218 800
648 164
126 460
706 377
729 645
102 768
697 528
892 968
425 4
324 429
630 638
573 990
679 204
230 799
182 418
678 357
545 565
336 416
643 992
419 216
976 234
427 381
517 112
485 117
363 373
744 146
174 20
755 238
557 993
365 444
866 223
371 415
743 80
70 457
541 644
675 972
874 505
22 577
847 702
699 539
206 388
307 831
375 472
271 332
365 987
160 762
801 884
742 787
851 254
626 309
718 248
486 732
178 351
62 933
245 603
643 324
509 137
271 943
667 56
639 939
624 928
165 288
540 106
1000 411
117 589
125 417
103 988
940 436
926 300
881 320
679 456
697 221
569 727
124 978
650 222
5 763
669 344
673 519
961 385
194 501
85 226
644 481
308 224
358 586
308 883
880 879
308 424
185 899
338 868
517 729
801 278
194 147
607 392
457 502
955 926
175 244
136 177
254 920
311 624
729 182
884 196
595 469
883 466
608 104
976 812
183 1000
375 5
952 514
161 69
683 691
715 818
142 983
338 269
623 421
821 908
333 807
377 39
207 541
364 507
792 149
919 948
584 391
751 404
517 793
376 240
704 333
178 256
174 844
786 869
68 797
358 866
822 714
974 379
157 686
400 443
916 540
762 258
382 805
708 580
125 495
826 543
448 923
683 103
768 25
349 872
594 32
224 126
219 138
845 789
61 313
101 342
353 900
554 124
453 355
160 937
85 598
248 837
355 250
118 285
520 71
293 83
723 354
146 816
787 524
760 801
884 236
300 628
742 754
633 302
955 552
322 257
481 615
969 980
625 974
464 230
915 471
447 99
550 337
345 361
163 413
49 660
723 141
444 89
932 401
679 334
115 905
674 753
851 42
883 496
551 174
672 458
592 44
815 934
351 953
633 82
188 898
826 512
174 663
564 202
261 170
665 783
976 260
239 651
261 322
154 449
775 994
626 582
64 553
75 169
234 876
97 95
241 109
219 979
607 880
16 120
108 272
195 179
498 733
787 600
820 53
382 954
219 271
365 699
108 341
3 358
706 208
88 647
580 16
244 964
808 488
905 191
837 426
940 479
755 390
905 227
786 745
218 569
463 266
643 932
778 51
85 493
205 427
117 538
684 940
451 689
717 477
989 705
175 12
976 596
864 886
22 585
729 101
576 303
990 215
580 516
801 92
960 156
845 791
328 369
495 981
271 648
426 239
324 23
972 268
408 487
206 839
182 249
932 323
671 463
902 122
415 601
518 195
18 657
693 523
392 93
964 116
79 18
760 307
138 459
3 636
792 790
876 703
101 49
861 500
714 1
491 131
760 592
647 571
400 563
164 621
751 276
952 343
83 856
896 473
99 969
66 936
958 704
311 843
982 823
624 676
219 291
760 88
234 241
428 188
271 483
104 286
224 701
729 918
806 209
935 115
100 774
208 765
665 129
872 832
155 555
744 804
202 609
106 622
90 375
33 22
241 489
328 186
236 671
892 548
114 566
625 107
570 568
400 826
633 919
224 287
644 510
746 409
13 766
975 211
296 160
643 26
592 480
580 360
60 452
637 97
77 875
254 796
543 997
61 916
74 374
331 711
642 744
80 612
46 19
3 817
271 79
808 620
718 338
230 325
762 8
198 136
742 310
729 944
332 59
926 977
431 432
648 335
693 11
60 127
675 280
913 829
108 911
109 952
291 400
679 618
447 771
100 963
956 486
993 151
275 910
28 922
76 14
164 792
648 245
277 930
107 114
913 864
154 503
656 462
1000 871
365 293
268 962
582 440
375 655
115 642
760 527
965 708
42 863
20 721
818 597
373 198
722 700
812 712
187 629
552 697
815 396
361 50
517 331
664 118
979 822
282 233
662 317
245 279
607 261
631 393
239 176
642 419
973 802
934 152
205 353
683 397
496 833
99 830
926 428
253 111
981 522
867 559
447 958
585 10
353 70
790 669
836 867
874 627
885 619
91 951
851 967
472 574
459 906
125 214
300 858
75 625
969 975
742 7
540 394
39 736
718 873
718 454
376 605
46 931
596 718
602 275
508 229
89 583
156 795
101 194
137 786
409 210
618 690
874 526
939 564
793 295
925 294
697 927
693 90
74 576
571 659
728 513
89 809
280 387
794 13
225 422
536 412
958 746
918 606
63 803
759 810
14 824
548 326
73 788
570 206
88 464
518 710
637 263
185 45
584 474
347 64
622 504
351 769
322 827
369 530
291 363
987 395
79 447
35 108
548 885
693 299
24 376
976 58
52 217
213 142
666 865
126 274
726 550
737 494
657 475
440 730
508 37
993 81
99 52
245 892
242 47
375 329
291 296
258 521
263 72
392 340
226 532
496 484
978 264
760 976
49 17
706 584
365 820
241 159
518 292
109 544
340 441
909 735
400 835
100 821
837 31
419 66
40 434
360 785
293 709
219 643
844 986
928 757
440 575
61 259
675 345
353 40
158 836
723 2
637 145
955 15
969 850
422 640
495 547
960 380
512 715
367 909
916 903
153 451
788 348
484 758
352 153
11 772
384 738
187 201
508 561
570 579
704 430
313 154
230 315
934 685
794 192
801 780
495 455
755 554
459 650
804 246
137 678
744 846
437 929
424 716
450 86
926 755
817 362
987 121
673 674
678 435
810 662
979 989
572 590
528 225
952 971
450 581
528 921
377 567
153 888
553 166
489 775
885 692
611 383
194 658
128 529
916 838
622 408
205 181
967 751
805 448
384 41
711 497
2 852
607 913
885 914
989 996
913 587
852 433
674 995
79 854
172 604
472 672
399 635
527 96
743 957
93 578
720 431
762 778
764 327
464 656
271 61
349 985
990 536
16 610
561 781
261 405
525 407
225 776
838 646
743 749
586 316
580 231
732 724
578 284
954 808
755 330
841 312
53 991
620 423
120 386
105 961
335 242
967 698
271 105
926 667
245 684
720 681
241 811
681 499
925 862
324 212
791 65
682 490
545 465
1000 631
101 382
833 515
219 693
711 281
314 253
267 998
877 33
339 896
754 861
623 599
644 87
952 677
921 573
978 94
484 290
170 304
261 706
801 470
687 57
100 183
504 367
783 959
524 525
138 611
775 562
11 717
968 28
23 949
880 726
916 534
918 55
877 845
411 853
918 759
595 518
978 189
296 720
554 887
913 814
517 841
939 707
79 982
253 197
760 102
160 748
15 218
360 840
965 955
815 60
340 520
679 378
541 894
790 48
552 125
486 270
726 184
681 425
184 492
182 870
122 298
988 461
187 339
360 779
956 764
160 891
162 336
309 389
971 734
774 973
723 557
841 860
164 172
741 232
697 509
962 135
850 889
810 815
943 193
418 966
169 476
954 36
373 737
195 63
332 370
798 220
280 608
321 110
169 155
268 924
548 399
42 743
299 533
977 3
418 970
362 437
387 551
873 588
955 925
363 632
49 694
431 133
580 617
248 719
976 29
134 560
34 301
417 171
12 150
812 213
392 406
49 649
570 113
219 741
38 652
162 626
443 359
843 834
976 74
129 371
65 439
195 670
509 130
558 482
881 185
508 228
749 414
106 545
882 168
509 637
987 665
753 132
221 148
46 945
894 77
43 446
624 666
204 572
164 956
674 445
764 21
967 595
857 252
681 591
231 180
552 877
969 384
61 372
551 546
359 24
688 942
584 328
613 857
271 784
969 946
69 167
918 614
590 859
311 366
965 881
360 602
892 161
100 675
175 901
161 713
241 143
150 467
946 277
232 506
589 318
350 27
83 739
160 687
850 349
389 511
145 630
339 806
687 607
844 398
697 935
42 347
457 237
666 761
251 653
204 558
669 319
611 938
6 902
459 819
982 68
83 890
41 157
504 641
418 508
462 767
100 162
113 950
985 882
589 38
755 728
162 556
261 364
15 6
955 760
662 9
975 175
552 243
90 190
294 478
160 62
639 634
570 403
877 187
866 777
742 85
843 722
205 267
26 314
791 34
169 73
717 537
85 346
219 639
943 178
708 98
61 895
637 848
979 723
11 144
662 682
232 158
69 661
125 742
509 75
293 941
790 139
172 265
537 297
625 128
611 897
496 35
336 531
810 842
936 593
820 46
975 410
5 984
115 199
528 664
687 752
982 205
883 623
989 855
505 247
807 235
70 282
793 165
720 123
792 960
965 100
103 725
382 798
343 420
274 262
488 173
68 450
714 813
843 84
248 679
662 878
876 912
400 134
373 321
723 402
889 535
927 915
606 140
93 442
38 78
143 203
676 368
883 517
531 119
360 207
338 756
11 289
35 794
965 219
975 594
955 633
165 696
127 680
473 654
53 825
826 283
925 255
895 904
203 849
205 947
888 91
338 352
165 999
760 485
178 67
713 770
541 740
206 613
180 750
756 828
861 305
173 731
36 695
162 491
130 773
360 54
792 163
136 549
